#name, z, mag, mag_err
SN001 0.0285 16.86 0.19
SN002 0.0500 17.79 0.05
SN003 0.0529 17.60 0.05
SN004 0.0701 18.43 0.04
SN005 0.0627 18.25 0.05
SN006 0.0876 19.19 0.11
SN007 0.0786 18.27 0.04
SN008 0.0422 17.30 0.08
SN009 0.0453 17.58 0.05
SN010 0.0365 16.71 0.09
SN011 0.0196 15.07 0.11
SN012 0.1009 19.27 0.05
SN013 0.0273 16.26 0.09
SN014 0.0746 18.39 0.04
SN015 0.0265 16.03 0.09
SN016 0.0499 17.75 0.05
SN017 0.0306 16.19 0.08
SN018 0.0589 18.04 0.13
SN019 0.0163 15.02 0.14
SN020 0.0154 15.26 0.14
SN021 0.0305 16.19 0.07
SN022 0.0245 15.53 0.09
SN023 0.0240 15.92 0.10
SN024 0.0260 16.00 0.09
SN025 0.0489 17.72 0.08
SN026 0.0243 16.27 0.09
SN027 0.0152 14.76 0.14
SN028 0.0357 17.23 0.07
SN029 0.0488 17.03 0.05
SN030 0.0220 15.94 0.10
SN031 0.0275 16.59 0.08
SN032 0.1244 19.44 0.03
SN033 0.0360 16.62 0.07
SN034 0.0167 15.28 0.14
SN035 0.0163 15.82 0.13
SN036 0.0180 15.13 0.17
SN037 0.0218 15.86 0.10
SN038 0.0164 15.34 0.13
SN039 0.0232 16.57 0.10
SN040 0.0365 17.05 0.06
SN041 0.0176 15.59 0.18
SN042 0.0315 16.77 0.07
SN043 0.0235 16.08 0.10
SN044 0.0167 14.80 0.13
SN045 0.0537 17.58 0.05
SN046 0.0170 15.65 0.14
SN047 0.0172 15.07 0.14
SN048 0.0300 16.82 0.08
SN049 0.0166 15.31 0.13
SN050 0.0160 15.87 0.15
SN051 0.0150 14.69 0.15
SN052 0.0544 17.88 0.05
SN053 0.1561 19.96 0.03
SN054 0.0393 16.77 0.06
SN055 0.1241 19.74 0.04
SN056 0.1441 20.40 0.04
SN057 0.1299 19.56 0.03
SN058 0.0784 18.37 0.03
SN059 0.0583 17.63 0.06
SN060 0.0309 16.71 0.08
SN061 0.0406 16.90 0.06
SN062 0.0152 14.68 0.15
SN063 0.0224 15.16 0.20
SN064 0.0160 15.43 0.14
SN065 0.0362 16.57 0.06
SN066 0.0173 14.91 0.14
SN067 0.0312 16.56 0.09
SN068 0.0221 16.51 0.10
SN069 0.0249 16.51 0.11
SN070 0.0303 16.24 0.09
SN071 0.0283 16.62 0.08
SN072 0.0152 15.28 0.21
SN073 0.0279 16.32 0.10
SN074 0.0345 17.54 0.09
SN075 0.0360 16.70 0.07
SN076 0.0248 16.23 0.10
SN077 0.0292 16.59 0.08
SN078 0.0187 15.69 0.12
SN079 0.0195 15.62 0.12
SN080 0.0256 16.66 0.09
SN081 0.0337 17.20 0.08
SN082 0.0546 17.64 0.05
SN083 0.0240 16.32 0.10
SN084 0.0336 16.95 0.08
SN085 0.0341 17.11 0.08
SN086 0.0261 16.46 0.09
SN087 0.0211 15.84 0.10
SN088 0.0321 16.96 0.07
SN089 0.0221 15.46 0.10
SN090 0.0298 16.86 0.08
SN091 0.0334 17.34 0.08
SN092 0.0284 16.22 0.08
SN093 0.0341 16.36 0.07
SN094 0.0450 17.31 0.05
SN095 0.0421 17.22 0.08
SN096 0.0576 17.71 0.04
SN097 0.0330 16.79 0.07
SN098 0.0753 18.40 0.03
SN099 0.0204 15.55 0.11
SN100 0.0205 16.12 0.11
SN101 0.0402 17.59 0.06
SN102 0.0260 17.23 0.09
SN103 0.0259 16.11 0.09
SN104 0.0239 16.14 0.09
SN105 0.0690 18.35 0.07
SN106 0.0651 18.00 0.04
SN107 0.0315 16.44 0.07
SN108 0.0215 16.13 0.10
SN109 0.0255 18.89 0.09
SN110 0.0325 16.90 0.07
SN111 0.0843 18.15 0.08
SN112 0.0308 17.41 0.08
SN113 0.0327 17.75 0.07
SN114 0.0423 17.05 0.06
SN115 0.0684 18.12 0.04
SN116 0.0233 15.97 0.09
SN117 0.0491 17.56 0.05
SN118 0.0425 16.98 0.06
SN119 0.0192 15.74 0.12
SN120 0.0308 16.74 0.08
SN121 0.0212 15.92 0.11
SN122 0.0277 17.63 0.09
SN123 0.0335 16.91 0.07
SN124 0.0208 15.80 0.12
SN125 0.0173 14.73 0.16
SN126 0.0360 17.37 0.07
SN127 0.0233 15.95 0.09
SN128 0.0583 18.22 0.04
SN129 0.0688 18.38 0.06
SN130 0.0321 17.57 0.08
SN131 0.0522 17.99 0.05
SN132 0.0308 16.78 0.07
SN133 0.0329 16.81 0.07
SN134 0.0230 16.11 0.10
SN135 0.0150 15.70 0.15
SN136 0.0321 16.50 0.08
SN137 0.0643 17.73 0.04
SN138 0.0320 16.85 0.10
SN139 0.0209 16.58 0.11
SN140 0.0320 16.55 0.07
SN141 0.0151 15.89 0.15
SN142 0.0192 15.89 0.12
SN143 0.0266 16.43 0.09
SN144 0.0377 17.17 0.08
SN145 0.0247 15.79 0.09
SN146 0.0242 15.86 0.09
SN147 0.0366 16.75 0.06
SN148 0.0229 16.02 0.10
SN149 0.0312 16.60 0.07
SN150 0.0150 15.78 0.15
SN151 0.0341 16.94 0.10
SN152 0.0251 15.68 0.09
SN153 0.0189 15.11 0.13
SN154 0.0268 16.44 0.14
SN155 0.0193 15.52 0.24
SN156 0.0219 15.20 0.12
SN157 0.0152 16.18 0.25
SN158 0.0170 15.31 0.16
SN159 0.0229 15.82 0.12
SN160 0.0163 15.20 0.15
SN161 0.0650 18.36 0.04
SN162 0.1470 20.94 0.04
SN163 0.1300 20.38 0.05
SN164 0.1040 19.16 0.04
SN165 0.2440 20.97 0.05
SN166 0.3000 22.02 0.11
SN167 0.0450 17.55 0.06
SN168 0.1140 19.11 0.03
SN169 0.2580 21.53 0.06
SN170 0.2970 21.60 0.06
SN171 0.3820 22.18 0.08
SN172 0.1470 20.30 0.03
SN173 0.2740 21.22 0.06
SN174 0.2990 21.74 0.06
SN175 0.3800 22.17 0.08
SN176 0.3820 22.05 0.08
SN177 0.3030 22.33 0.08
SN178 0.3500 22.01 0.07
SN179 0.0870 19.12 0.04
SN180 0.2620 21.23 0.05
SN181 0.2170 20.90 0.04
SN182 0.1190 19.07 0.03
SN183 0.1830 20.28 0.04
SN184 0.3590 22.17 0.09
SN185 0.1430 20.06 0.03
SN186 0.2620 21.29 0.05
SN187 0.2340 21.00 0.09
SN188 0.1530 19.70 0.03
SN189 0.0950 18.64 0.04
SN190 0.2880 21.60 0.05
SN191 0.1950 21.00 0.04
SN192 0.1480 19.58 0.03
SN193 0.2130 21.78 0.05
SN194 0.1810 20.57 0.03
SN195 0.2650 21.15 0.04
SN196 0.1930 20.65 0.03
SN197 0.3400 21.79 0.07
SN198 0.1180 19.80 0.03
SN199 0.1430 19.82 0.03
SN200 0.1620 20.23 0.03
SN201 0.2900 21.56 0.06
SN202 0.1240 19.97 0.05
SN203 0.2650 21.35 0.04
SN204 0.1270 20.04 0.03
SN205 0.1740 20.24 0.03
SN206 0.1650 20.25 0.03
SN207 0.2510 21.57 0.04
SN208 0.2590 21.00 0.05
SN209 0.1610 20.33 0.03
SN210 0.2060 21.10 0.04
SN211 0.2450 20.78 0.04
SN212 0.2500 20.94 0.04
SN213 0.2300 20.81 0.04
SN214 0.0870 18.75 0.03
SN215 0.0630 18.03 0.04
SN216 0.2790 21.90 0.06
SN217 0.2770 21.52 0.05
SN218 0.1560 20.35 0.03
SN219 0.3320 21.95 0.06
SN220 0.3630 22.10 0.07
SN221 0.3320 22.10 0.07
SN222 0.1460 20.38 0.03
SN223 0.3900 22.23 0.08
SN224 0.1750 20.30 0.05
SN225 0.3010 21.69 0.06
SN226 0.1170 19.46 0.03
SN227 0.2200 21.17 0.03
SN228 0.1210 19.65 0.03
SN229 0.1560 19.83 0.02
SN230 0.4100 22.47 0.09
SN231 0.1790 20.90 0.04
SN232 0.2520 21.35 0.04
SN233 0.2530 21.41 0.04
SN234 0.3930 22.33 0.08
SN235 0.1300 20.13 0.02
SN236 0.4010 22.19 0.10
SN237 0.3110 21.57 0.05
SN238 0.1720 20.44 0.03
SN239 0.2800 21.46 0.05
SN240 0.3100 21.80 0.07
SN241 0.1870 20.46 0.04
SN242 0.0670 18.66 0.04
SN243 0.3180 22.12 0.08
SN244 0.2590 21.52 0.04
SN245 0.3000 21.52 0.06
SN246 0.2720 21.69 0.04
SN247 0.2810 21.49 0.05
SN248 0.2940 21.78 0.04
SN249 0.1900 20.95 0.03
SN250 0.2670 20.93 0.04
SN251 0.1250 19.62 0.03
SN252 0.1840 20.27 0.03
SN253 0.3140 21.58 0.05
SN254 0.3110 21.80 0.05
SN255 0.0900 18.67 0.04
SN256 0.4040 22.50 0.09
SN257 0.2020 20.98 0.05
SN258 0.3280 21.63 0.05
SN259 0.2130 20.83 0.03
SN260 0.1810 20.55 0.03
SN261 0.0940 19.16 0.03
SN262 0.3040 22.06 0.04
SN263 0.1100 19.52 0.03
SN264 0.0870 18.80 0.08
SN265 0.2040 20.77 0.04
SN266 0.1980 21.27 0.04
SN267 0.1280 19.79 0.05
SN268 0.2160 20.89 0.03
SN269 0.3220 21.53 0.04
SN270 0.2190 21.11 0.04
SN271 0.1910 20.65 0.03
SN272 0.0940 19.06 0.05
SN273 0.3810 21.93 0.05
SN274 0.2120 21.21 0.03
SN275 0.3680 22.25 0.09
SN276 0.4220 22.52 0.07
SN277 0.2590 21.60 0.04
SN278 0.1850 21.11 0.04
SN279 0.2140 20.80 0.05
SN280 0.3610 22.41 0.07
SN281 0.3950 22.22 0.06
SN282 0.1160 19.38 0.03
SN283 0.1450 19.94 0.03
SN284 0.2540 21.35 0.06
SN285 0.3890 22.23 0.08
SN286 0.3500 22.07 0.08
SN287 0.2570 21.41 0.07
SN288 0.2180 21.06 0.06
SN289 0.1080 19.36 0.10
SN290 0.4300 22.63 0.15
SN291 0.6200 23.29 0.08
SN292 0.5700 23.39 0.07
SN293 0.3000 21.92 0.05
SN294 0.3800 22.61 0.05
SN295 0.4300 22.58 0.08
SN296 0.2400 21.64 0.15
SN297 0.4400 22.73 0.06
SN298 0.5000 23.12 0.07
SN299 0.9700 24.69 0.14
SN300 0.4790 22.69 0.07
SN301 0.8300 24.31 0.11
SN302 0.4160 22.32 0.09
SN303 0.5810 23.19 0.10
SN304 0.4500 22.87 0.08
SN305 0.5790 23.52 0.10
SN306 0.3200 21.82 0.05
SN307 0.6570 23.86 0.11
SN308 0.4300 22.56 0.08
SN309 0.4720 23.13 0.06
SN310 0.1800 20.15 0.14
SN311 0.5500 23.59 0.10
SN312 0.5920 24.28 0.12
SN313 0.1720 20.43 0.12
SN314 0.5260 23.18 0.06
SN315 0.7630 24.27 0.27
SN316 0.5800 23.49 0.08
SN317 0.4300 23.20 0.06
SN318 0.4500 23.22 0.09
SN319 0.6560 23.74 0.10
SN320 0.4950 22.82 0.05
SN321 0.5700 23.27 0.06
SN322 0.3880 22.49 0.08
SN323 0.4500 22.60 0.10
SN324 0.4800 23.05 0.07
SN325 0.6150 23.16 0.08
SN326 0.4000 22.20 0.08
SN327 0.6550 23.17 0.08
SN328 0.4980 23.66 0.08
SN329 0.4650 23.41 0.08
SN330 0.4530 23.18 0.10
SN331 0.3740 21.76 0.05
SN332 0.5140 22.78 0.26
SN333 0.4230 22.62 0.07
SN334 0.8590 24.68 0.10
SN335 0.9360 24.82 0.17
SN336 0.5280 23.03 0.11
SN337 0.9780 24.44 0.11
SN338 0.8850 24.17 0.10
SN339 0.8150 24.83 0.25
SN340 0.6980 24.39 0.14
SN341 0.5680 23.00 0.08
SN342 0.7110 23.81 0.11
SN343 0.3396 22.03 0.10
SN344 0.3965 22.39 0.07
SN345 0.8120 24.86 0.11
SN346 0.7990 24.69 0.08
SN347 0.8820 24.71 0.16
SN348 0.8330 24.22 0.11
SN349 0.8740 25.07 0.12
SN350 0.7720 23.71 0.08
SN351 0.1780 21.58 0.12
SN352 0.2600 21.31 0.04
SN353 0.1860 20.78 0.03
SN354 0.2690 21.80 0.05
SN355 0.2150 20.94 0.03
SN356 0.5430 23.03 0.06
SN357 0.7500 23.86 0.08
SN358 0.6400 23.83 0.07
SN359 0.4300 22.87 0.05
SN360 0.6400 23.65 0.07
SN361 0.4970 23.10 0.07
SN362 0.4400 23.19 0.05
SN363 0.3550 22.66 0.06
SN364 0.7800 24.23 0.08
SN365 0.5400 23.15 0.05
SN366 0.8600 24.47 0.09
SN367 0.4680 23.81 0.05
SN368 0.8400 24.32 0.08
SN369 0.9600 24.56 0.11
SN370 0.8218 24.34 0.08
SN371 0.9300 24.69 0.10
SN372 0.4510 23.22 0.05
SN373 0.6100 23.55 0.06
SN374 0.8300 24.11 0.08
SN375 0.7070 24.13 0.08
SN376 0.4150 22.52 0.04
SN377 0.5570 22.98 0.06
SN378 0.7910 24.20 0.08
SN379 0.6950 24.03 0.08
SN380 0.6330 23.70 0.06
SN381 0.2486 21.23 0.07
SN382 0.5320 23.48 0.06
SN383 0.3310 21.81 0.04
SN384 0.3460 22.41 0.05
SN385 0.9610 24.55 0.11
SN386 0.6130 24.02 0.06
SN387 0.3402 22.09 0.04
SN388 0.9830 24.97 0.14
SN389 0.7100 24.21 0.07
SN390 0.7300 24.08 0.07
SN391 0.4700 23.51 0.05
SN392 0.6200 23.76 0.07
SN393 0.5210 23.29 0.05
SN394 0.3690 22.36 0.11
SN395 0.5710 23.19 0.07
SN396 0.6040 23.27 0.06
SN397 0.9271 24.55 0.10
SN398 0.2850 21.20 0.03
SN399 0.2912 21.96 0.06
SN400 0.5480 24.04 0.07
SN401 0.8680 24.31 0.09
SN402 0.4960 22.96 0.05
SN403 0.8110 24.36 0.08
SN404 0.7560 24.06 0.08
SN405 0.8170 24.24 0.09
SN406 0.7520 23.84 0.08
SN407 0.5516 23.46 0.05
SN408 0.3578 22.52 0.04
SN409 1.0100 24.88 0.13
SN410 0.7410 24.09 0.08
SN411 0.4300 22.81 0.05
SN412 0.5260 23.63 0.06
SN413 0.5920 23.37 0.06
SN414 0.9050 24.24 0.09
SN415 0.9490 24.47 0.10
SN416 0.4607 22.60 0.08
SN417 0.3709 22.21 0.06
SN418 0.8000 24.51 0.08
SN419 0.6790 24.09 0.08
SN420 0.5817 23.55 0.06
SN421 0.5500 23.32 0.06
SN422 0.8100 24.23 0.08
SN423 0.9500 24.51 0.10
SN424 0.3373 21.93 0.04
SN425 0.9100 24.67 0.10
SN426 0.2630 21.65 0.03
SN427 0.6430 23.78 0.07
SN428 0.6910 24.26 0.08
SN429 0.3570 22.39 0.04
SN430 0.7210 23.85 0.07
SN431 0.5810 23.32 0.06
SN432 0.6268 23.35 0.06
SN433 0.8180 24.63 0.09
SN434 0.4627 22.72 0.06
SN435 0.4490 22.54 0.06
SN436 0.6880 23.58 0.07
SN437 0.8700 24.54 0.11
SN438 0.5043 22.98 0.05
SN439 0.5910 23.40 0.10
SN440 0.4260 22.62 0.06
SN441 0.3290 22.53 0.13
SN442 0.5830 23.52 0.07
SN443 0.5190 23.64 0.08
SN444 0.4010 22.45 0.06
SN445 0.2050 21.10 0.10
SN446 0.3400 21.79 0.09
SN447 0.4360 22.46 0.06
SN448 0.3630 21.89 0.06
SN449 0.4360 22.50 0.06
SN450 0.3090 22.37 0.10
SN451 0.3420 22.09 0.06
SN452 0.1590 21.07 0.15
SN453 0.3320 22.40 0.09
SN454 0.4690 22.57 0.09
SN455 0.2390 21.77 0.07
SN456 0.3520 22.73 0.06
SN457 0.6120 23.45 0.08
SN458 0.6310 23.35 0.06
SN459 0.6450 23.32 0.08
SN460 0.4290 22.63 0.05
SN461 0.4970 22.88 0.07
SN462 0.5390 23.27 0.06
SN463 0.5610 23.10 0.07
SN464 0.4100 22.34 0.07
SN465 0.4120 22.82 0.13
SN466 0.5990 23.76 0.10
SN467 0.6190 23.44 0.07
SN468 0.4220 22.40 0.07
SN469 0.5400 23.29 0.07
SN470 0.4010 23.07 0.10
SN471 0.2180 21.39 0.09
SN472 0.6330 23.14 0.07
SN473 0.3830 22.33 0.09
SN474 0.3020 23.19 0.13
SN475 0.3400 22.26 0.08
SN476 0.5100 22.80 0.06
SN477 0.4210 23.07 0.18
SN478 0.3990 23.43 0.11
SN479 0.4930 22.96 0.08
SN480 0.6870 23.40 0.10
SN481 0.6870 23.48 0.08
SN482 0.4950 22.87 0.06
SN483 0.6030 23.47 0.07
SN484 0.4210 22.40 0.07
SN485 0.3480 22.59 0.06
SN486 0.2130 22.06 0.10
SN487 0.3440 21.71 0.06
SN488 0.2710 21.88 0.10
SN489 0.5640 22.84 0.21
SN490 0.2740 22.02 0.07
SN491 0.1810 20.37 0.11
SN492 0.5820 23.79 0.07
SN493 0.6800 23.68 0.07
SN494 0.4010 23.32 0.12
SN495 0.4160 23.91 0.11
SN496 0.2860 22.48 0.11
SN497 0.5620 23.26 0.21
SN498 0.3140 21.89 0.10
SN499 0.5810 23.24 0.09
SN500 0.4630 23.12 0.08
SN501 0.3410 21.61 0.08
SN502 0.6710 23.59 0.08
SN503 0.6310 23.35 0.06
SN504 0.5220 23.27 0.06
SN505 0.3680 21.95 0.05
SN506 0.3090 21.74 0.06
SN507 0.5280 23.27 0.11
SN508 0.2660 22.96 0.22
SN509 0.2160 21.92 0.10
SN510 0.2840 21.68 0.06
SN511 0.5080 22.93 0.07
SN512 0.7810 24.04 0.10
SN513 0.6130 23.33 0.07
SN514 0.4250 22.46 0.22
SN515 0.2780 21.69 0.07
SN516 0.4770 22.74 0.06
SN517 0.9500 24.22 0.10
SN518 1.0570 24.74 0.12
SN519 0.8160 24.17 0.10
SN520 0.4550 23.20 0.06
SN521 1.0200 24.93 0.10
SN522 1.1400 24.75 0.11
SN523 0.8540 24.55 0.08
SN524 1.3700 25.64 0.14
SN525 0.9750 24.88 0.10
SN526 0.9700 24.99 0.09
SN527 0.7400 23.95 0.07
SN528 1.3900 26.00 0.14
SN529 0.4600 23.73 0.08
SN530 1.0200 24.80 0.11
SN531 1.1200 25.09 0.11
SN532 1.1900 25.63 0.14
SN533 0.8390 24.15 0.10
SN534 1.0100 24.92 0.12
SN535 0.5210 23.08 0.07
SN536 0.4750 23.21 0.14
SN537 0.9500 24.61 0.09
SN538 1.3000 25.65 0.12
SN539 1.4000 25.65 0.31
SN540 1.3050 25.51 0.15
SN541 0.2160 22.43 0.20
SN542 0.7350 24.08 0.09
SN543 1.1400 25.37 0.12
SN544 1.3070 26.07 0.16
SN545 1.2650 25.73 0.12
SN546 0.6700 24.26 0.10
SN547 0.6400 24.31 0.07
SN548 1.3400 25.70 0.14
SN549 0.8400 24.34 0.08
SN550 0.9350 24.48 0.10
SN551 0.4900 23.02 0.30
SN552 1.2300 25.13 0.15
SN553 0.9530 24.71 0.15
SN554 1.1240 25.37 0.11
SN555 0.5520 23.08 0.09
SN556 0.5110 23.05 0.06
SN557 1.0300 24.79 0.10
